12 0.035762 0.243219 0.061810 0.126582
13 0.104857 0.759494 0.066667 0.179024
11 0.033333 0.916365 0.021634 0.038879
0 0.098013 0.419982 0.033554 0.250452
0 0.152318 0.324593 0.024724 0.631103
0 0.331347 0.157776 0.039294 0.237794
0 0.329801 0.510398 0.044150 0.243219
0 0.649448 0.059675 0.090066 0.072333
0 0.647461 0.174955 0.094040 0.069620
0 0.650331 0.294304 0.091832 0.067812
0 0.647461 0.417722 0.092274 0.074141
0 0.326049 0.793400 0.091391 0.082278
0 0.603311 0.794756 0.090508 0.088608
0 0.603311 0.915913 0.094040 0.090416
8 0.822958 0.246835 0.064459 0.126582
8 0.474172 0.186257 0.061810 0.124774
8 0.740177 0.693490 0.065784 0.106691
10 0.167550 0.180832 0.031347 0.034358
10 0.167108 0.239150 0.032230 0.033454
10 0.167550 0.299277 0.033113 0.034358
10 0.166446 0.541591 0.035320 0.036166
10 0.167108 0.479204 0.032230 0.032550
10 0.168212 0.360759 0.036203 0.032550
10 0.167108 0.417722 0.036645 0.034358
10 0.464018 0.806962 0.043267 0.047920
10 0.465342 0.932640 0.042384 0.046112
