0 0.112435 0.085214 0.103627 0.031907
0 0.115285 0.163813 0.105181 0.033463
1 0.259845 0.079377 0.056477 0.059144
1 0.368394 0.115953 0.054922 0.076265
3 0.309326 0.259922 0.042487 0.038911
3 0.362176 0.259533 0.042487 0.039689
1 0.331347 0.427237 0.133161 0.049805
8 0.161658 0.634630 0.080829 0.064591
8 0.500000 0.635409 0.082902 0.066148
10 0.170984 0.085992 0.039378 0.039689
10 0.167098 0.168482 0.040933 0.039689
11 0.285492 0.652918 0.033161 0.024903
11 0.380311 0.649027 0.031088 0.026459
11 0.647927 0.198444 0.023316 0.023346
11 0.647927 0.273930 0.023316 0.021790
11 0.646632 0.346304 0.020725 0.023346
11 0.649482 0.425681 0.026425 0.026459
8 0.711140 0.183268 0.098964 0.067704
8 0.711658 0.258366 0.100000 0.059144
8 0.713472 0.334630 0.105699 0.070039
8 0.711658 0.412840 0.102073 0.067704
