0 0.033235 0.145088 0.019412 0.168317
14 0.145294 0.075019 0.030588 0.025133
4 0.275294 0.215156 0.044706 0.061691
1 0.112353 0.345392 0.084706 0.101295
10 0.046765 0.071211 0.032353 0.025133
16 0.423235 0.429551 0.020588 0.019802
16 0.423824 0.451637 0.019412 0.019802
16 0.133824 0.703732 0.019412 0.019802
16 0.133824 0.727342 0.019412 0.016756
16 0.505000 0.616527 0.019412 0.020564
16 0.505882 0.638995 0.021176 0.021325
8 0.265000 0.549505 0.037059 0.233816
11 0.132647 0.752475 0.014706 0.027418
11 0.504118 0.666032 0.014118 0.025133
11 0.425294 0.479436 0.014118 0.022087
