0 0.090215 0.099842 0.095588 0.033938
0 0.128394 0.291239 0.022624 0.134175
0 0.125000 0.517364 0.021493 0.218627
3 0.294966 0.475927 0.034502 0.058406
1 0.261312 0.093528 0.072398 0.063931
1 0.260181 0.230071 0.072398 0.065509
1 0.285068 0.644436 0.050905 0.097080
16 0.448247 0.092739 0.023190 0.051302
16 0.448529 0.235201 0.026018 0.058406
16 0.221154 0.716654 0.026018 0.036306
16 0.460973 0.706393 0.027149 0.056827
11 0.397059 0.260458 0.014706 0.028414
11 0.398190 0.121152 0.014706 0.027624
10 0.142251 0.096290 0.034502 0.029992
10 0.142251 0.236385 0.034502 0.027624
10 0.139140 0.471586 0.032805 0.030781
11 0.220305 0.743094 0.011878 0.013418
