3 0.081875 0.183176 0.046302 0.048742
3 0.147374 0.623821 0.032750 0.060535
0 0.070017 0.099057 0.111801 0.034591
10 0.133823 0.097484 0.037267 0.034591
1 0.231225 0.091981 0.060418 0.056604
1 0.168831 0.334906 0.062112 0.078616
1 0.169396 0.487028 0.065500 0.073113
8 0.438453 0.117138 0.143986 0.100629
8 0.722756 0.116352 0.145680 0.102201
8 0.438453 0.227594 0.151892 0.095126
8 0.416149 0.434355 0.039526 0.150157
6 0.451722 0.474057 0.031621 0.045597
11 0.475155 0.486242 0.028797 0.027516
15 0.106719 0.334119 0.129870 0.124214
15 0.106719 0.486635 0.129870 0.122642
11 0.560982 0.140330 0.028797 0.029088
11 0.559853 0.249214 0.029927 0.023585
11 0.619142 0.154481 0.014116 0.040094
