4 0.110599 0.647626 0.028571 0.063798
4 0.111060 0.564911 0.031336 0.064540
0 0.060369 0.144288 0.018433 0.158012
10 0.075806 0.078635 0.035484 0.045994
3 0.188940 0.084199 0.042396 0.054154
1 0.124194 0.182864 0.052074 0.064540
1 0.242857 0.252226 0.046083 0.043027
1 0.311982 0.110905 0.055300 0.043769
1 0.374194 0.588279 0.049770 0.099407
8 0.471659 0.141691 0.025346 0.115727
1 0.779032 0.117211 0.053917 0.069733
1 0.780184 0.255193 0.051613 0.071217
15 0.829032 0.112018 0.105069 0.124629
15 0.829263 0.251484 0.102765 0.117211
5 0.646774 0.619436 0.026267 0.022255
3 0.632258 0.553042 0.030415 0.060089
6 0.386406 0.387982 0.027189 0.032641
6 0.424194 0.383902 0.024424 0.043769
6 0.416359 0.285237 0.036406 0.033383
1 0.363825 0.310831 0.037327 0.068249
8 0.452304 0.326409 0.035484 0.166172
8 0.506682 0.388724 0.020737 0.053412
8 0.619355 0.277448 0.067281 0.074184
8 0.619816 0.354599 0.066359 0.074184
6 0.185484 0.497033 0.027189 0.029674
6 0.207834 0.550445 0.031336 0.020772
11 0.207604 0.607567 0.034562 0.023739
11 0.206452 0.461424 0.032258 0.016320
11 0.421659 0.645401 0.027650 0.017804
11 0.293318 0.628709 0.013364 0.034866
11 0.521889 0.632418 0.011521 0.039318
9 0.102074 0.553042 0.080645 0.303412
15 0.829032 0.441024 0.136406 0.186202
15 0.831106 0.635015 0.130415 0.173591
8 0.535945 0.790430 0.075576 0.106083
1 0.379954 0.784866 0.022581 0.097923
