10 0.150801 0.461861 0.028655 0.025172
10 0.130889 0.526697 0.034483 0.029748
10 0.172171 0.291762 0.027683 0.026697
10 0.148859 0.100305 0.018941 0.048055
1 0.244779 0.110221 0.050510 0.055683
1 0.347256 0.110221 0.050510 0.058734
1 0.291646 0.320366 0.040311 0.059497
1 0.345799 0.319603 0.047596 0.057971
8 0.464060 0.209001 0.038368 0.085431
8 0.462603 0.303966 0.035454 0.066362
1 0.603691 0.237223 0.048567 0.157132
11 0.626032 0.276125 0.017484 0.022883
1 0.226323 0.463768 0.052453 0.074752
1 0.218067 0.544622 0.050510 0.065599
1 0.322972 0.514111 0.051481 0.076278
8 0.480816 0.545385 0.082564 0.154081
8 0.274162 0.218154 0.084993 0.138825
8 0.760806 0.633486 0.086935 0.112128
8 0.763963 0.528223 0.104905 0.086194
8 0.764449 0.286804 0.101991 0.100686
8 0.848470 0.194508 0.100049 0.083905
11 0.582079 0.681541 0.020884 0.028223
11 0.695969 0.679252 0.020398 0.032799
1 0.566294 0.565599 0.046625 0.144165
1 0.632346 0.595347 0.050510 0.203661
1 0.676542 0.247140 0.049539 0.176964
1 0.751336 0.197559 0.052453 0.074752
0 0.109762 0.081236 0.108791 0.026697
0 0.099563 0.461098 0.095192 0.029748
0 0.079650 0.528223 0.094220 0.026697
1 0.285576 0.405034 0.056338 0.057971
0 0.126518 0.289474 0.079165 0.031274
