0 0.072951 0.390110 0.111795 0.734573
0 0.274514 0.289941 0.037423 0.040575
0 0.271198 0.409129 0.019422 0.035503
0 0.476078 0.692730 0.036002 0.071851
0 0.493368 0.400676 0.026054 0.064243
0 0.442681 0.117921 0.030791 0.070161
0 0.274751 0.246830 0.082425 0.179205
0 0.277830 0.089180 0.050687 0.088757
0 0.210090 0.530431 0.050687 0.066779
0 0.395547 0.666103 0.048318 0.064243
0 0.424207 0.530854 0.027001 0.062553
0 0.541450 0.535926 0.081478 0.035503
0 0.340834 0.536771 0.081004 0.033812
0 0.295358 0.533812 0.031739 0.027895
0 0.496921 0.536348 0.030317 0.026205
0 0.365940 0.317836 0.023212 0.021978
0 0.542634 0.691462 0.020369 0.030431
0 0.406679 0.232037 0.027949 0.027895
0 0.405495 0.384193 0.028423 0.026205
0 0.312648 0.382502 0.022738 0.024514
0 0.192800 0.104396 0.031265 0.026205
0 0.491710 0.248943 0.029370 0.070161
