0 0.083430 0.074766 0.114535 0.034268
10 0.147674 0.073598 0.039535 0.031931
3 0.150000 0.257788 0.046512 0.062305
3 0.147093 0.317368 0.040698 0.056854
1 0.279070 0.266745 0.060465 0.045950
1 0.264535 0.387072 0.051163 0.062305
1 0.367442 0.279206 0.059302 0.073988
1 0.293314 0.696651 0.057558 0.070872
8 0.516570 0.595405 0.091279 0.091121
8 0.515116 0.703660 0.090698 0.088006
11 0.417151 0.616044 0.030814 0.018692
11 0.226453 0.720405 0.027326 0.026480
8 0.457267 0.462227 0.152907 0.154984
16 0.393314 0.441199 0.014535 0.025701
16 0.393314 0.487150 0.016860 0.022586
