15 0.122161 0.399395 0.115093 0.602118
15 0.668349 0.635779 0.100959 0.182300
15 0.448511 0.522315 0.126704 0.251891
15 0.726401 0.242814 0.103988 0.078669
4 0.313983 0.616868 0.027259 0.050681
4 0.401312 0.326399 0.026249 0.052194
4 0.726148 0.335477 0.025745 0.055219
4 0.727158 0.140696 0.025745 0.052950
3 0.398536 0.141452 0.043917 0.062027
3 0.463655 0.484493 0.048965 0.044629
3 0.638566 0.576021 0.022211 0.027988
3 0.637809 0.676248 0.020697 0.028744
5 0.521706 0.232602 0.007572 0.031014
5 0.568400 0.351740 0.010096 0.028744
5 0.782938 0.477307 0.026249 0.022693
5 0.783443 0.519667 0.027259 0.022693
6 0.540636 0.234115 0.009086 0.024962
11 0.193084 0.616490 0.015649 0.022693
11 0.490409 0.700076 0.023725 0.023449
11 0.260222 0.322617 0.020697 0.017398
11 0.219838 0.143343 0.020697 0.018911
11 0.597173 0.242814 0.022211 0.019667
11 0.640586 0.501135 0.018173 0.017398
11 0.510096 0.359682 0.017668 0.017398
3 0.519687 0.268911 0.036850 0.029501
9 0.527511 0.238654 0.075719 0.139939
9 0.748359 0.333964 0.085310 0.083964
1 0.224886 0.239410 0.057042 0.056732
1 0.318526 0.309380 0.054518 0.075643
1 0.244573 0.619894 0.045936 0.074887
1 0.304139 0.102874 0.057042 0.059002
8 0.570671 0.648638 0.028773 0.208018
1 0.599192 0.492814 0.049470 0.093041
1 0.702171 0.494705 0.050480 0.089259
9 0.590358 0.359304 0.088339 0.083207
0 0.529783 0.158094 0.084301 0.025719
0 0.735235 0.433056 0.106512 0.031014
10 0.481070 0.155446 0.032307 0.023449
10 0.677183 0.431543 0.028773 0.021936
