0 0.157118 0.170149 0.013889 0.174627
10 0.166884 0.091045 0.023872 0.023881
10 0.167969 0.140299 0.027778 0.023881
1 0.356337 0.091045 0.045139 0.061194
1 0.289714 0.137687 0.046441 0.055970
1 0.665148 0.163060 0.041233 0.069403
1 0.721354 0.158955 0.037326 0.061194
1 0.599826 0.580970 0.043403 0.051493
1 0.659288 0.580597 0.040799 0.056716
1 0.842882 0.247388 0.053819 0.051493
1 0.841797 0.548507 0.049045 0.050746
15 0.845486 0.327612 0.068576 0.168657
15 0.845920 0.623134 0.070312 0.165672
15 0.211372 0.571269 0.105035 0.276866
1 0.257595 0.507090 0.041233 0.082836
1 0.257595 0.640672 0.041233 0.076866
4 0.214193 0.518284 0.026476 0.063433
4 0.213542 0.650373 0.022569 0.054478
12 0.391927 0.243657 0.027778 0.057463
5 0.406467 0.272761 0.017795 0.017164
5 0.413628 0.434328 0.010417 0.046269
6 0.429470 0.425746 0.008247 0.020149
6 0.430339 0.442910 0.012587 0.015672
6 0.429470 0.594776 0.009115 0.038806
5 0.413194 0.596642 0.009549 0.035075
9 0.413628 0.407090 0.059896 0.167910
9 0.413411 0.570522 0.055990 0.130597
2 0.415365 0.394776 0.020833 0.028358
2 0.412543 0.563433 0.015191 0.019403
4 0.622830 0.288433 0.015625 0.051493
4 0.622830 0.342537 0.014757 0.043284
5 0.621962 0.406716 0.010417 0.044776
9 0.623915 0.327612 0.069010 0.232836
11 0.682943 0.421269 0.021267 0.023134
11 0.481988 0.601119 0.020399 0.020149
11 0.538845 0.632836 0.009983 0.025373
11 0.481337 0.418284 0.020833 0.017164
11 0.702474 0.176119 0.013455 0.014925
8 0.542969 0.593657 0.044271 0.058955
1 0.486979 0.272388 0.044271 0.056716
8 0.600694 0.159701 0.072917 0.070149
