0 0.049456 0.188348 0.019161 0.162809
10 0.064215 0.120112 0.033143 0.029529
1 0.162869 0.114525 0.066805 0.051875
8 0.310202 0.187151 0.096323 0.214685
1 0.174521 0.587789 0.177110 0.061453
8 0.161574 0.680766 0.099430 0.076616
8 0.791818 0.181165 0.051787 0.081405
8 0.790264 0.268955 0.054894 0.078212
8 0.506991 0.378691 0.036251 0.091780
8 0.688244 0.362729 0.034179 0.056664
3 0.740549 0.480048 0.026929 0.037510
1 0.347488 0.425778 0.049715 0.106145
11 0.419472 0.127694 0.032108 0.025539
11 0.241585 0.185555 0.023304 0.011971
11 0.119109 0.471668 0.011393 0.041500
