0 0.175789 0.466629 0.033684 0.202489
0 0.111842 0.329751 0.028947 0.476244
1 0.023421 0.338235 0.026842 0.651584
2 0.043158 0.209276 0.028421 0.081448
2 0.043684 0.509050 0.029474 0.070136
0 0.365789 0.635181 0.034737 0.654977
0 0.737895 0.382353 0.029474 0.158371
0 0.804211 0.424774 0.035789 0.290724
0 0.876316 0.451357 0.032632 0.262443
3 0.262105 0.505090 0.026316 0.080317
4 0.281842 0.555430 0.020526 0.054299
5 0.281053 0.789593 0.023158 0.081448
5 0.421053 0.799774 0.034737 0.117647
5 0.531316 0.943439 0.034211 0.108597
5 0.746579 0.602941 0.024737 0.074661
3 0.452105 0.395928 0.028421 0.063348
4 0.686316 0.409502 0.057895 0.079186
6 0.523421 0.561086 0.010000 0.070136
7 0.421842 0.515271 0.024737 0.032805
8 0.445789 0.485294 0.052632 0.298643
4 0.450526 0.510747 0.015789 0.102941
9 0.633158 0.602376 0.045263 0.069005
9 0.682632 0.602376 0.043158 0.069005
10 0.597368 0.600113 0.013684 0.057692
9 0.965000 0.418552 0.055263 0.124434
