0 0.079224 0.044817 0.109695 0.035074
10 0.142659 0.042868 0.037119 0.032736
1 0.248199 0.037802 0.057618 0.042868
1 0.224931 0.175760 0.056510 0.060016
3 0.094737 0.173811 0.057618 0.060795
16 0.234626 0.316836 0.044875 0.047545
16 0.232964 0.424396 0.037119 0.053780
1 0.400000 0.364380 0.064266 0.172253
11 0.496399 0.314497 0.037673 0.019486
11 0.493352 0.436087 0.033795 0.017927
8 0.478393 0.621590 0.039335 0.164458
16 0.373130 0.562744 0.024931 0.043648
16 0.297507 0.613796 0.023269 0.044427
16 0.370360 0.644193 0.022715 0.041309
16 0.296676 0.692128 0.021607 0.043648
11 0.359280 0.568200 0.012742 0.026500
11 0.285319 0.618862 0.009972 0.023383
11 0.358726 0.652767 0.011634 0.021044
11 0.284488 0.696804 0.012742 0.023383
