0 0.070882 0.037369 0.098929 0.029895
0 0.026772 0.207025 0.018868 0.237668
0 0.041560 0.100897 0.034166 0.026906
0 0.042070 0.164051 0.033146 0.024664
0 0.127231 0.036622 0.035186 0.028401
0 0.215706 0.047459 0.057114 0.053064
0 0.173381 0.094918 0.055074 0.050822
0 0.173891 0.158072 0.056094 0.059043
0 0.368180 0.110239 0.049975 0.085949
0 0.378378 0.242526 0.042835 0.026158
0 0.378888 0.335202 0.041815 0.018685
0 0.381693 0.224963 0.087200 0.083707
0 0.380163 0.315396 0.090260 0.074738
0 0.097909 0.424141 0.033656 0.053064
0 0.097909 0.606502 0.033656 0.053064
0 0.130291 0.439088 0.019888 0.017190
0 0.128506 0.587818 0.021418 0.021674
0 0.150433 0.439088 0.018358 0.017190
0 0.149924 0.588565 0.019378 0.023169
0 0.108873 0.507474 0.186130 0.303438
0 0.198368 0.435725 0.052014 0.116592
0 0.199133 0.576233 0.041305 0.110613
0 0.379908 0.493647 0.045895 0.123318
0 0.165222 0.743274 0.100969 0.130792
0 0.179755 0.839686 0.067823 0.059043
0 0.293218 0.855381 0.023457 0.027653
0 0.710352 0.374066 0.026517 0.021674
0 0.712902 0.475710 0.031617 0.021674
0 0.706527 0.687220 0.012749 0.033632
0 0.487506 0.249626 0.025497 0.028401
0 0.485467 0.310538 0.025497 0.015695
0 0.823559 0.161435 0.078531 0.076233
0 0.822540 0.269806 0.080571 0.071749
0 0.823049 0.378176 0.081591 0.070254
0 0.822540 0.480194 0.082611 0.071001
0 0.820245 0.585202 0.079041 0.070254
0 0.823049 0.688341 0.079551 0.076233
