8 0.157351 0.614340 0.090131 0.122264
8 0.071501 0.476226 0.097684 0.076981
8 0.074018 0.341132 0.094663 0.076981
8 0.732125 0.234717 0.091641 0.191698
8 0.731118 0.616226 0.095670 0.192453
8 0.135700 0.211698 0.074018 0.083774
8 0.435045 0.227547 0.051360 0.257358
8 0.424471 0.495094 0.043303 0.135849
1 0.159617 0.474717 0.049345 0.067925
1 0.232628 0.476226 0.050352 0.070943
1 0.298590 0.476226 0.048338 0.073962
1 0.205942 0.210566 0.050352 0.072453
1 0.323263 0.136226 0.050352 0.058113
1 0.268379 0.209811 0.051360 0.076981
1 0.158107 0.344151 0.050352 0.076981
1 0.232880 0.343396 0.052870 0.075472
1 0.288016 0.342642 0.049345 0.073962
1 0.523666 0.335472 0.044310 0.059623
