0 0.046772 0.480321 0.020336 0.159036
1 0.194459 0.434940 0.057448 0.071486
10 0.062532 0.409639 0.030503 0.028916
3 0.362481 0.416867 0.028470 0.040161
14 0.437977 0.250201 0.034062 0.016867
14 0.761820 0.264257 0.013726 0.048193
14 0.746823 0.320884 0.030503 0.016867
11 0.255465 0.214056 0.010676 0.036145
11 0.329944 0.211647 0.009151 0.031325
11 0.379766 0.242570 0.009151 0.027309
11 0.380020 0.334538 0.009659 0.024900
11 0.409761 0.264659 0.012201 0.026506
11 0.764870 0.322490 0.010676 0.024900
11 0.762583 0.294779 0.015252 0.014458
3 0.366294 0.196386 0.021861 0.021687
3 0.366802 0.289960 0.021861 0.022490
11 0.537112 0.503614 0.012710 0.032129
5 0.679715 0.481526 0.030503 0.016867
4 0.738180 0.268675 0.020336 0.042570
6 0.757753 0.228112 0.016777 0.012851
1 0.616421 0.265060 0.048297 0.106024
1 0.591764 0.476305 0.049822 0.069076
1 0.521607 0.469880 0.041688 0.046586
