15 0.074292 0.378402 0.119722 0.726953
1 0.227686 0.059701 0.054516 0.070237
1 0.226082 0.275241 0.055585 0.078139
1 0.228487 0.531607 0.056120 0.079895
1 0.281668 0.644425 0.051309 0.080773
1 0.471406 0.360404 0.053447 0.072871
1 0.663549 0.128622 0.049706 0.100966
1 0.740246 0.703687 0.044896 0.099210
1 0.628274 0.654083 0.044361 0.084284
0 0.558792 0.766023 0.021913 0.165935
10 0.567076 0.712028 0.033137 0.024583
8 0.320417 0.056629 0.099947 0.076383
8 0.367451 0.264706 0.075361 0.076383
8 0.355692 0.434592 0.105291 0.091308
8 0.331641 0.525461 0.076430 0.078139
8 0.500267 0.571115 0.074826 0.078139
8 0.500802 0.650132 0.075895 0.076383
8 0.794228 0.089552 0.102619 0.152766
8 0.737841 0.513169 0.026189 0.229148
8 0.607696 0.354258 0.094067 0.157155
3 0.610903 0.379280 0.027793 0.042142
8 0.637894 0.376207 0.017638 0.039508
8 0.842330 0.664179 0.075895 0.051800
8 0.843132 0.713784 0.076430 0.043898
8 0.843132 0.757243 0.074292 0.046532
6 0.758952 0.492098 0.006414 0.025461
6 0.758952 0.526778 0.007483 0.026339
6 0.787814 0.458297 0.009621 0.028095
6 0.533672 0.181738 0.016569 0.019315
3 0.536879 0.130378 0.027258 0.060579
15 0.537948 0.123793 0.127739 0.182616
11 0.377873 0.067164 0.011758 0.023705
11 0.410743 0.276119 0.009086 0.027217
11 0.376002 0.535996 0.012293 0.025461
11 0.184661 0.326602 0.015500 0.021071
11 0.545163 0.582090 0.014965 0.024583
11 0.544361 0.657594 0.013362 0.031607
11 0.886424 0.662862 0.013362 0.022827
11 0.886959 0.711150 0.014431 0.026339
11 0.886424 0.755926 0.015500 0.028095
